[
{"Grid":[[87,87,87,87,87,87,87,87,87,87,87,87,87,87,87,87,87,87,81,81],[87,46,46,46,46,46,46,46,46,46,46,46,46,46,46,46,46,46,81,81],[87,46,46,46,46,46,46,46,46,46,46,46,46,46,46,46,46,46,81,81],[87,87,87,87,87,87,87,87,87,87,87,87,87,87,87,87,46,46,81,81],[87,46,46,46,46,46,46,46,46,46,46,46,46,46,46,46,46,46,81,81],[87,46,46,46,46,46,46,46,46,46,46,46,46,46,46,46,46,46,81,81],[87,46,46,87,87,87,87,87,87,87,87,87,87,87,87,87,87,87,81,81],[87,46,46,46,46,46,46,46,46,46,46,46,46,46,46,46,46,46,81,81],[87,46,46,46,46,46,46,46,46,46,46,46,46,46,46,46,46,46,81,81],[87,87,87,87,87,87,87,87,87,87,87,87,87,87,87,46,46,46,81,81],[87,46,46,46,46,46,46,46,46,46,46,46,46,46,46,46,46,46,81,81],[87,46,46,46,46,46,46,46,46,46,46,46,46,46,46,46,46,46,81,81],[87,46,46,46,87,46,46,46,46,46,46,46,46,46,46,46,46,46,81,81],[87,46,46,46,87,46,46,46,46,46,46,46,46,46,46,46,46,46,81,81],[87,87,87,87,87,87,87,87,87,87,87,87,87,87,87,87,87,87,81,81]],
"Timelimit":60,
"JSONplayer":{"X":84,"Y":88},
"JSONmonsters":[{"Type":3,"Waypoints":[],"X":74,"Y":526, "IsBoss":0, "Speed":80}],
"JSONobjects":[{"Id":2,"Type":5,"Waypoints":[{"X":235,"Y":226}],"X":235,"Y":259, "Speed":80, "Restart":false},
		{"Id":3,"Type":5,"Waypoints":[{"X":266,"Y":224}],"X":266,"Y":259, "Speed":80, "Restart":false},
		{"Id":4,"Type":5,"Waypoints":[{"X":301,"Y":225}],"X":297,"Y":259, "Speed":80, "Restart":false},
		{"Id":5,"Type":5,"Waypoints":[{"X":297,"Y":224}],"X":381,"Y":227, "Speed":80, "Restart":false},
		{"Id":6,"Type":5,"Waypoints":[{"X":499,"Y":229}],"X":550,"Y":228, "Speed":80, "Restart":false},
		{"Id":7,"Type":5,"Waypoints":[],"X":54,"Y":346, "Speed":80, "Restart":false},
		{"Id":8,"Type":5,"Waypoints":[{"X":273,"Y":425}],"X":277,"Y":540, "Speed":80, "Restart":false},
		{"Id":9,"Type":5,"Waypoints":[{"X":477,"Y":544}],"X":473,"Y":430, "Speed":80, "Restart":false}
],
"JSONteleports":[]},

{"Grid":[[87,87,87,87,87,87,87,87,87,87,87,87,87,87,87,87,87,87,81,81],[87,46,46,46,46,46,46,46,46,46,46,46,46,46,46,46,46,46,81,81],[87,46,46,46,46,46,46,46,46,46,46,46,46,46,46,46,46,46,81,81],[87,87,46,46,87,87,87,87,87,87,87,87,87,87,87,87,46,46,81,81],[87,46,46,46,87,46,46,46,46,46,46,46,46,46,46,46,46,87,81,81],[87,46,46,87,87,46,46,46,46,46,46,46,46,46,46,46,46,87,81,81],[87,46,46,46,87,46,46,46,87,87,87,87,87,87,87,87,87,87,81,81],[87,87,46,46,87,46,46,46,87,46,46,46,46,87,46,46,46,46,81,81],[87,46,46,87,87,46,46,87,87,46,46,46,46,87,46,46,46,46,81,81],[87,46,46,87,87,46,46,46,46,46,87,46,46,46,46,46,46,46,81,81],[87,46,87,87,87,87,46,46,46,46,87,46,46,46,46,46,46,46,81,81],[87,46,46,87,87,87,87,87,87,87,87,87,87,87,87,87,87,87,81,81],[87,87,46,46,46,46,46,46,46,46,46,46,46,46,46,46,46,46,81,81],[87,87,46,46,46,46,46,46,46,46,46,46,46,46,46,46,46,46,81,81],[87,87,87,87,87,87,87,87,87,87,87,87,87,87,87,87,87,87,81,81]],
"Timelimit":60,
"JSONplayer":{"X":695,"Y":523},
"JSONmonsters":[{"IsBoss":0,"Name":"Ghost","Speed":80,"Type":1,"Waypoints":[{"X":121,"Y":76},{"X":124,"Y":166},{"X":119,"Y":80}],"X":68,"Y":75},{"IsBoss":0,"Name":"Ghost","Speed":80,"Type":1,"Waypoints":[],"X":597,"Y":315},{"IsBoss":0,"Name":"Ghost","Speed":80,"Type":1,"Waypoints":[{"X":652,"Y":203}],"X":413,"Y":204},{"IsBoss":0,"Name":"Malboro","Speed":80,"Type":4,"Waypoints":[],"X":483,"Y":317}],
"JSONobjects":[{"Name":"Spike","Restart":false,"Speed":80,"Type":5,"Waypoints":[{"X":424,"Y":581}],"X":418,"Y":457},{"Name":"Spike","Restart":false,"Speed":80,"Type":5,"Waypoints":[{"X":324,"Y":465}],"X":328,"Y":580},{"Name":"Spike","Restart":false,"Speed":80,"Type":5,"Waypoints":[{"X":245,"Y":574}],"X":241,"Y":457},{"Name":"Spike","Restart":false,"Speed":80,"Type":5,"Waypoints":[{"X":517,"Y":464}],"X":530,"Y":585}],"JSONteleports":[]},

{
        "Grid": [[87,87,87,87,87,87,87,87,87,87,87,87,87,87,87,87,87,87,81,81],[87,46,46,46,46,46,46,46,46,46,46,46,46,46,46,46,46,46,81,81],[87,46,46,46,46,46,46,46,46,46,46,46,46,46,46,46,46,46,81,81],[87,46,46,46,87,46,46,46,46,46,46,46,46,46,87,46,46,46,81,81],[87,46,46,46,87,46,87,46,46,46,46,46,87,46,87,46,46,46,81,81],[87,87,87,87,87,46,46,46,87,46,87,46,46,46,87,87,87,87,81,81],[87,46,46,46,46,46,46,46,46,46,46,46,46,46,46,46,46,46,81,81],[87,46,46,46,46,46,87,46,46,46,46,46,87,46,46,46,46,46,81,81],[87,46,46,46,46,46,46,46,46,46,46,46,46,46,46,46,46,46,81,81],[87,46,46,46,87,46,46,46,87,46,87,46,46,46,87,46,46,46,81,81],[87,46,46,46,87,46,46,46,46,46,46,46,46,46,87,46,46,46,81,81],[87,87,87,87,87,46,87,46,46,46,46,46,87,46,87,87,87,87,81,81],[87,87,87,46,46,46,46,46,87,46,87,46,46,46,46,46,87,87,81,81],[87,87,87,46,46,46,46,46,46,46,46,46,46,46,46,46,87,87,81,81],[87,87,87,87,87,87,87,87,87,87,87,87,87,87,87,87,87,87,81,81]],
        "Timelimit": 60,
        "JSONplayer": {
                "X": 379,
                "Y": 523
        },
        "JSONmonsters": [
                {
                        "IsBoss": 0,
                        "Name": "Malboro",
                        "Speed": 80,
                        "Type": 4,
                        "Waypoints": [],
                        "X": 78,
                        "Y": 412
                },
                {
                        "IsBoss": 0,
                        "Name": "Malboro",
                        "Speed": 80,
                        "Type": 4,
                        "Waypoints": [],
                        "X": 683,
                        "Y": 174
                },
                {
                        "IsBoss": 0,
                        "Name": "Malboro",
                        "Speed": 80,
                        "Type": 4,
                        "Waypoints": [],
                        "X": 682,
                        "Y": 410
                },
                {
                        "IsBoss": 0,
                        "Name": "Malboro",
                        "Speed": 80,
                        "Type": 4,
                        "Waypoints": [],
                        "X": 75,
                        "Y": 175
                }
        ],
        "JSONobjects": [],
        "JSONteleports": []
},


{
        "Grid": [[87,87,87,87,87,87,87,87,87,87,87,87,87,87,87,87,87,87,81,81],[87,46,46,46,46,87,46,46,46,46,46,46,46,46,46,46,46,46,81,81],[87,46,46,46,46,87,46,46,46,46,46,46,46,46,46,46,46,46,81,81],[87,46,46,87,87,87,46,46,87,87,87,87,87,87,87,87,46,46,81,81],[87,46,46,46,46,87,46,46,87,87,87,46,46,46,46,46,46,46,81,81],[87,87,46,46,46,87,46,46,87,87,46,46,46,46,46,46,46,87,81,81],[87,87,46,46,46,87,46,46,87,46,46,46,87,87,87,87,87,87,81,81],[87,46,46,46,87,87,46,46,87,46,46,87,87,46,46,46,46,46,81,81],[87,46,46,87,87,87,46,46,87,46,46,87,87,46,46,46,46,46,81,81],[87,46,46,46,46,87,46,46,87,87,46,46,46,46,87,46,46,46,81,81],[87,87,46,46,46,87,46,46,87,87,46,46,46,46,87,87,46,46,81,81],[87,87,87,46,46,87,46,46,87,87,87,87,87,87,87,46,46,46,81,81],[87,87,87,46,46,87,46,46,46,46,46,46,46,46,46,46,46,87,81,81],[87,87,87,46,46,87,46,46,46,46,46,46,46,46,46,46,46,87,81,81],[87,87,87,87,87,87,87,87,87,87,87,87,87,87,87,87,87,87,81,81]],
        "Timelimit": 60,
        "JSONplayer": {
                "X": 409,
                "Y": 523
        },
        "JSONmonsters": [
                {
                        "IsBoss": 0,
                        "Name": "Ghost",
                        "Speed": 80,
                        "Type": 1,
                        "Waypoints": [
                                {
                                        "X": 76,
                                        "Y": 79
                                }
                        ],
                        "X": 158,
                        "Y": 83
                },
                {
                        "IsBoss": 0,
                        "Name": "Deathshell",
                        "Speed": 80,
                        "Type": 3,
                        "Waypoints": [],
                        "X": 278,
                        "Y": 78
                },
                {
                        "IsBoss": 0,
                        "Name": "Ghost",
                        "Speed": 80,
                        "Type": 1,
                        "Waypoints": [
                                {
                                        "X": 431,
                                        "Y": 402
                                }
                        ],
                        "X": 523,
                        "Y": 402
                }
        ],
        "JSONobjects": [
                {
                        "Name": "Spike",
                        "Restart": false,
                        "Speed": 80,
                        "Type": 5,
                        "Waypoints": [
                                {
                                        "X": 338,
                                        "Y": 300
                                }
                        ],
                        "X": 462,
                        "Y": 301
                }
        ],
        "JSONteleports": [
                {
                        "Boost": 1,
                        "ConnectWith": 7,
                        "Id": 6,
                        "Name": "Teleport H",
                        "Size": 1,
                        "Type": 7,
                        "Way": {
                                "X": 0,
                                "Y": -1
                        },
                        "X": 260,
                        "Y": 553
                },
		{
                        "Boost": 1,
                        "ConnectWith": 6,
                        "Id": 7,
                        "Name": "Teleport H",
                        "Size": 2,
                        "Type": 7,
                        "Way": {
                                "X": 0,
                                "Y": -1
                        },
                        "X": 163,
                        "Y": 553
                }
        ]
},

{
        "Grid": [[87,87,87,87,87,87,87,87,87,87,87,87,87,87,87,87,87,87,81,81],[87,46,46,46,46,46,46,87,46,46,87,46,46,46,87,46,46,46,81,81],[87,46,46,46,46,46,46,46,46,46,46,46,46,46,87,46,46,46,81,81],[87,46,46,46,46,46,46,46,46,46,46,46,46,46,87,46,46,46,81,81],[87,46,46,46,87,87,46,87,87,46,46,46,46,46,87,87,46,46,81,81],[87,46,46,46,87,46,46,46,46,46,46,87,46,46,46,46,46,46,81,81],[87,46,46,46,87,46,46,46,46,46,87,87,87,46,46,46,46,87,81,81],[87,46,46,46,87,46,46,87,46,46,87,87,87,87,46,46,46,87,81,81],[87,87,87,87,87,46,46,87,46,46,46,87,87,87,87,87,87,87,81,81],[87,46,46,46,46,46,46,87,87,46,46,46,46,46,46,46,46,46,81,81],[87,46,46,46,46,46,46,87,87,87,46,46,46,46,46,46,46,46,81,81],[87,87,87,87,87,87,87,87,87,87,87,87,87,87,87,46,46,46,81,81],[87,46,46,46,46,46,46,46,46,46,46,46,46,46,46,46,46,87,81,81],[87,46,46,46,46,46,46,46,46,46,46,46,46,46,46,46,87,87,81,81],[87,87,87,87,87,87,87,87,87,87,87,87,87,87,87,87,87,87,81,81]],
        "Timelimit": 120,
        "JSONplayer": {
                "X": 73,
                "Y": 528
        },
        "JSONmonsters": [
                {
                        "IsBoss": 0,
                        "Name": "Ghost",
                        "Speed": 80,
                        "Type": 1,
                        "Waypoints": [
                                {
                                        "X": 241,
                                        "Y": 401
                                }
                        ],
                        "X": 123,
                        "Y": 403
                },
                {
                        "IsBoss": 0,
                        "Name": "Malboro",
                        "Speed": 80,
                        "Type": 4,
                        "Waypoints": [],
                        "X": 646,
                        "Y": 295
                },
                {
                        "IsBoss": 0,
                        "Name": "Ghost",
                        "Speed": 80,
                        "Type": 1,
                        "Waypoints": [],
                        "X": 631,
                        "Y": 127
                },
                {
                        "IsBoss": 0,
                        "Name": "Robot",
                        "Speed": 30,
                        "Type": 2,
                        "Waypoints": [],
                        "X": 555,
                        "Y": 250
                },
                {
                        "IsBoss": 0,
                        "Name": "Ghost",
                        "Speed": 80,
                        "Type": 1,
                        "Waypoints": [],
                        "X": 71,
                        "Y": 294
                }
        ],
        "JSONobjects": [
                {
                        "Name": "Spike",
                        "Restart": false,
                        "Speed": 80,
                        "Type": 5,
                        "Waypoints": [
                                {
                                        "X": 182,
                                        "Y": 561
                                }
                        ],
                        "X": 182,
                        "Y": 590
                },
                {
                        "Name": "Spike",
                        "Restart": false,
                        "Speed": 80,
                        "Type": 5,
                        "Waypoints": [
                                {
                                        "X": 211,
                                        "Y": 559
                                }
                        ],
                        "X": 208,
                        "Y": 591
                },
                {
                        "Name": "Spike",
                        "Restart": true,
                        "Speed": 80,
                        "Type": 5,
                        "Waypoints": [
                                {
                                        "X": 586,
                                        "Y": 527
                                }
                        ],
                        "X": 277,
                        "Y": 529
                },
                {
                        "Name": "Spike",
                        "Restart": true,
                        "Speed": 80,
                        "Type": 5,
                        "Waypoints": [
                                {
                                        "X": 436,
                                        "Y": 397
                                }
                        ],
                        "X": 683,
                        "Y": 406
                }
        ],
        "JSONteleports": [
                {
                        "Boost": 1,
                        "ConnectWith": 3,
                        "Id": 2,
                        "Name": "Teleport H",
                        "Size": 2,
                        "Type": 6,
                        "Way": {
                                "X": 1,
                                "Y": 0
                        },
                        "X": 47,
                        "Y": 402
                },
                {
                        "Boost": 1,
                        "ConnectWith": 2,
                        "Id": 3,
                        "Name": "Teleport V",
                        "Size": 2,
                        "Type": 7,
                        "Way": {
                                "X": 0,
                                "Y": 1
                        },
                        "X": 361,
                        "Y": 48
                }
        ]
}
]